	A	C	D	E	F	G	H	I	K	L	M	N	P	Q	R	S	T	V	W	Y	
A	1.000	-0.168	0.029	-0.033	0.064	-0.023	0.014	0.068	0.031	0.140	-0.562	0.131	0.020	0.051	0.143	0.249	0.248	0.232	-0.234	0.011
C	-0.168	1.000	-0.406	-0.672	-0.082	-0.257	-0.220	-0.159	-0.527	-0.085	-0.787	-0.298	-0.298	-0.449	-0.392	-0.147	-0.156	-0.091	-0.464	-0.199
D	0.029	-0.406	1.000	0.109	-0.227	-0.034	-0.003	-0.336	0.036	-0.314	-0.839	0.329	0.005	0.0676	0.026	0.215	0.105	-0.182	-0.446	-0.203
E	-0.033	-0.672	0.109	1.000	-0.432	-0.299	-0.284	-0.465	0.224	-0.432	-0.877	-0.010	-0.218	0.183	0.090	-0.064	-0.145	-0.317	-0.461	-0.352
F	0.064	-0.082	-0.227	-0.432	1.000	-0.097	-0.016	0.380	-0.277	0.367	-0.529	-0.073	-0.067	-0.217	-0.113	0.143	0.148	0.345	0.021	0.352
G	-0.023	-0.257	-0.034	-0.299	-0.097	1.000	-0.118	-0.256	-0.239	-0.205	-0.806	0.044	0.044	-0.176	-0.119	0.120	-0.039	-0.080	-0.375	-0.178
H	0.014	-0.220	-0.003	-0.284	-0.016	-0.118	1.000	-0.130	-0.111	-0.087	-0.785	0.167	-0.031	0.0252	0.084	0.148	0.103	-0.055	-0.262	0.073
I	0.068	-0.159	-0.336	-0.465	0.380	-0.256	-0.130	1.000	-0.250	0.486	-0.452	-0.124	-0.187	-0.259	-0.139	-0.026	0.129	0.494	-0.021	0.237
K	0.031	-0.527	0.036	0.224	-0.277	-0.239	-0.111	-0.250	1.000	-0.236	-0.712	0.197	-0.171	0.287	0.387	0.028	-0.010	-0.167	-0.364	-0.203
L	0.140	-0.085	-0.314	-0.432	0.367	-0.205	-0.087	0.486	-0.236	1.000	-0.389	-0.123	-0.159	-0.180	-0.090	0.015	0.092	0.365	0.002	0.189
M	-0.562	-0.787	-0.839	-0.877	-0.529	-0.806	-0.785	-0.452	-0.712	-0.389	1.000	-0.682	-0.767	-0.742	-0.681	-0.610	-0.548	-0.514	-0.717	-0.644
N	0.132	-0.298	0.329	-0.010	-0.073	0.044	0.167	-0.124	0.197	-0.123	-0.682	1.000	0.063	0.161	0.183	0.271	0.241	-0.055	-0.309	-0.045
P	0.020	-0.298	0.005	-0.218	-0.067	0.044	-0.031	-0.187	-0.171	-0.159	-0.767	0.063	1.000	-0.083	-0.052	0.194	0.140	-0.034	-0.354	-0.119
Q	0.051	-0.449	0.068	0.183	-0.217	-0.176	0.025	-0.259	0.287	-0.180	-0.742	0.161	-0.083	1.000	0.375	0.085	-0.002	-0.143	-0.251	-0.112
R	0.143	-0.392	0.026	0.090	-0.113	-0.119	0.084	-0.139	0.387	-0.090	-0.681	0.183	-0.052	0.375	1.000	0.127	0.062	-0.037	-0.168	0.003
S	0.249	-0.147	0.215	-0.064	0.143	0.120	0.148	-0.026	0.028	0.015	-0.610	0.271	0.194	0.085	0.127	1.000	0.455	0.129	-0.249	0.052
T	0.248	-0.156	0.105	-0.145	0.148	-0.039	0.103	0.129	-0.010	0.092	-0.548	0.241	0.140	-0.002	0.062	0.455	1.000	0.247	-0.209	0.087
V	0.232	-0.091	-0.182	-0.317	0.345	-0.080	-0.055	0.494	-0.167	0.365	-0.514	-0.055	-0.034	-0.143	-0.037	0.129	0.247	1.000	-0.015	0.246
W	-0.234	-0.464	-0.446	-0.461	0.021	-0.375	-0.262	-0.021	-0.364	0.002	-0.717	-0.309	-0.354	-0.251	-0.168	-0.249	-0.209	-0.015	1.000	0.080
Y	0.011	-0.199	-0.203	-0.352	0.352	-0.178	0.073	0.237	-0.203	0.189	-0.644	-0.045	-0.119	-0.112	0.003	0.052	0.087	0.246	0.080	1.000
